# Dense (fc) weights — shape [10, 169]
# # Row i = weights for digit i (0..9)
# # Col j = weight connecting pooled pixel j to digit i
-9.620497003197669983e-03 -6.781719624996185303e-02 -6.112033035606145859e-03 4.551309347152709961e-02 -1.990474946796894073e-02 -5.474133789539337158e-02 4.341831430792808533e-02 7.658549398183822632e-02 -2.165975421667098999e-02 -5.180890671908855438e-03 -1.376576907932758331e-02 -7.455655187368392944e-02 -2.709282003343105316e-02 5.019395053386688232e-02 7.814820110797882080e-02 1.086872592568397522e-01 6.280930340290069580e-02 1.098736450076103210e-01 1.189313605427742004e-01 9.438417851924896240e-02 1.983447521924972534e-01 2.203942984342575073e-01 2.259483337402343750e-01 9.995509684085845947e-02 3.880256786942481995e-02 6.989538669586181641e-03 -6.801621615886688232e-02 1.545250788331031799e-02 1.104948893189430237e-01 1.401967108249664307e-01 1.640468835830688477e-01 -5.165538936853408813e-02 -2.251273840665817261e-01 -2.138031870126724243e-01 -1.593173146247863770e-01 2.113016322255134583e-02 -1.822755672037601471e-02 1.753013432025909424e-01 5.137088894844055176e-02 -1.308838557451963425e-02 7.190103083848953247e-02 1.744689047336578369e-01 2.874651551246643066e-01 -3.198740258812904358e-02 -3.163281595334410667e-03 -1.010462492704391479e-01 -4.458392262458801270e-01 -3.012480437755584717e-01 -3.621496260166168213e-02 -1.283552199602127075e-01 2.092369794845581055e-01 4.851219058036804199e-02 -6.842283159494400024e-02 4.298951476812362671e-02 1.518449336290359497e-01 2.136701717972755432e-02 8.835290372371673584e-02 1.645676046609878540e-02 -8.638407289981842041e-02 -2.415653318166732788e-01 -5.366395711898803711e-01 -2.872737497091293335e-02 -2.317876070737838745e-01 -8.759563416242599487e-02 1.619696617126464844e-01 -7.042555510997772217e-02 1.128138452768325806e-01 -8.779776841402053833e-02 3.154697269201278687e-02 6.127990316599607468e-03 -1.451627165079116821e-01 5.006001591682434082e-01 6.295800209045410156e-01 -8.734405785799026489e-02 -2.819849550724029541e-02 -4.405520558357238770e-01 -2.817554473876953125e-01 1.020920872688293457e-01 -5.364147946238517761e-02 1.025297492742538452e-01 -3.433483839035034180e-01 -1.346052885055541992e-01 -4.195835590362548828e-01 -4.203839972615242004e-02 7.769186496734619141e-01 8.035569787025451660e-01 2.731897532939910889e-01 1.397120654582977295e-01 -4.310571253299713135e-01 -5.417500138282775879e-01 8.871187269687652588e-02 1.887612789869308472e-02 -1.241459324955940247e-02 -4.190678596496582031e-01 -4.018624424934387207e-01 -5.862018465995788574e-01 2.085447311401367188e-01 7.682245373725891113e-01 6.135198473930358887e-01 6.089652329683303833e-02 -1.135030463337898254e-01 -4.232413768768310547e-01 -3.388738334178924561e-01 4.374945163726806641e-02 -7.365508005023002625e-03 1.301166415214538574e-02 -3.668204843997955322e-01 -3.837517201900482178e-01 -5.220587849617004395e-01 2.074010074138641357e-01 8.606680035591125488e-01 1.126494407653808594e-01 -3.005144298076629639e-01 -1.000818759202957153e-01 -2.859494984149932861e-01 -5.959368124604225159e-02 1.049433369189500809e-02 3.109556809067726135e-02 5.369865894317626953e-02 -3.600268661975860596e-01 -2.851258814334869385e-01 -7.033413052558898926e-01 -2.790489792823791504e-01 3.949410468339920044e-02 -6.384906172752380371e-02 1.149551495909690857e-01 -7.747618108987808228e-02 -1.489874869585037231e-01 3.655808977782726288e-03 5.845865234732627869e-02 4.638610407710075378e-02 8.753983676433563232e-02 -1.824329793453216553e-01 -2.666287720203399658e-01 -5.672720670700073242e-01 -7.008407115936279297e-01 -1.471275538206100464e-01 -1.720082163810729980e-01 1.032142043113708496e-01 6.933928281068801880e-02 1.963470317423343658e-02 -5.496430024504661560e-02 3.507487475872039795e-02 -2.412250265479087830e-02 1.111178621649742126e-01 -6.729355081915855408e-03 -6.692719459533691406e-02 -3.768492341041564941e-01 -5.291915535926818848e-01 -4.145996868610382080e-01 -1.298639476299285889e-01 1.420423090457916260e-01 2.212822884321212769e-01 2.151736244559288025e-02 2.399191632866859436e-02 -1.211871858686208725e-02 3.470480814576148987e-02 5.530895292758941650e-02 5.315549299120903015e-02 1.468178629875183105e-01 2.919811606407165527e-01 2.921827137470245361e-01 2.552147507667541504e-01 2.103883475065231323e-01 1.569160819053649902e-01 1.152030676603317261e-01 5.913471058011054993e-02 2.572184987366199493e-02 -4.516730830073356628e-02
-6.106182560324668884e-02 -1.015163958072662354e-01 -1.729590296745300293e-01 -4.622079059481620789e-02 -7.046940177679061890e-02 -7.407683879137039185e-02 -1.115174144506454468e-01 -1.318044364452362061e-01 -9.217885136604309082e-02 -1.997702568769454956e-01 -8.705986291170120239e-02 -1.286800503730773926e-01 -1.381734609603881836e-01 -1.173903569579124451e-01 -8.123818784952163696e-02 -1.076667085289955139e-01 -9.879539906978607178e-02 9.782198071479797363e-02 -3.014395944774150848e-02 -2.815597951412200928e-01 -4.651236161589622498e-02 1.422717273235321045e-01 7.284926623106002808e-02 -8.498768508434295654e-02 3.545041754841804504e-02 -9.212719649076461792e-02 -1.231815665960311890e-01 -1.635364592075347900e-01 7.347171194851398468e-03 1.635474860668182373e-01 2.628744244575500488e-01 4.379124194383621216e-02 -3.019829094409942627e-01 2.338642999529838562e-02 8.185932412743568420e-03 -3.131470084190368652e-01 -2.553315460681915283e-01 -8.737246692180633545e-02 -2.167754322290420532e-01 -1.381244510412216187e-01 -1.341267675161361694e-01 2.046972066164016724e-01 3.565749228000640869e-01 5.058756470680236816e-01 1.352583914995193481e-01 3.573622703552246094e-01 4.431004524230957031e-01 1.703494340181350708e-01 -3.138831816613674164e-04 1.056526675820350647e-01 -4.035022482275962830e-02 -2.530009150505065918e-01 -1.579571813344955444e-01 9.930483065545558929e-03 1.615780442953109741e-01 2.650625705718994141e-01 2.508184015750885010e-01 2.392911463975906372e-01 -2.738003432750701904e-01 -3.562736511230468750e-01 3.291112184524536133e-01 5.049213767051696777e-01 4.469953179359436035e-01 1.160673648118972778e-01 -1.050812080502510071e-01 -1.678726077079772949e-01 -1.038186997175216675e-01 3.487242013216018677e-02 2.565578520298004150e-01 3.035766184329986572e-01 2.402708381414413452e-01 -9.020693302154541016e-01 -2.672137916088104248e-01 2.787051796913146973e-01 2.984299957752227783e-01 1.423817276954650879e-01 -4.145858343690633774e-03 -1.464474350214004517e-01 -7.533999532461166382e-02 -1.599169075489044189e-01 1.623358763754367828e-02 1.839609295129776001e-01 8.558892607688903809e-01 1.257923841476440430e-01 -8.537168502807617188e-01 -6.111448407173156738e-01 3.177847266197204590e-01 2.020079493522644043e-01 1.478933915495872498e-02 -1.325480639934539795e-01 -1.689106076955795288e-01 -9.552024304866790771e-02 -1.174027025699615479e-01 1.767270863056182861e-01 2.726415991783142090e-01 5.391939878463745117e-01 -4.380441736429929733e-03 -1.021442055702209473e+00 -2.300292849540710449e-01 5.945933461189270020e-01 1.849171668291091919e-01 9.967348538339138031e-03 -5.234526842832565308e-02 -2.110435962677001953e-01 -6.074789166450500488e-02 -5.935578793287277222e-02 4.725849926471710205e-01 3.601955771446228027e-01 1.400261670351028442e-01 -1.084901690483093262e-01 -6.905111670494079590e-01 4.478065073490142822e-01 6.268949508666992188e-01 2.150473147630691528e-01 1.393509358167648315e-01 -9.749169647693634033e-02 -1.642443984746932983e-01 -5.370782688260078430e-02 2.307969331741333008e-02 2.851229608058929443e-01 6.839618086814880371e-02 2.513605356216430664e-02 -1.457254886627197266e-01 -9.334486722946166992e-02 2.114741802215576172e-01 3.329734131693840027e-02 1.873426139354705811e-02 -3.683091700077056885e-02 -7.212278991937637329e-02 -1.389298290014266968e-01 -8.571925014257431030e-02 -1.403391659259796143e-01 -2.678852975368499756e-01 -2.809303998947143555e-01 -9.352234750986099243e-02 2.634277045726776123e-01 1.572586447000503540e-01 -1.324571222066879272e-01 -2.466788589954376221e-01 -8.863011747598648071e-02 3.560967370867729187e-02 -1.807946711778640747e-01 -1.572144925594329834e-01 -7.414116710424423218e-02 -1.238054558634757996e-01 -2.552942037582397461e-01 -1.137424483895301819e-01 6.671890616416931152e-03 1.711693406105041504e-01 9.543405473232269287e-02 -3.226249814033508301e-01 -1.965242922306060791e-01 -9.251065552234649658e-02 -3.621438890695571899e-02 -1.802807301282882690e-01 -1.169158592820167542e-01 -1.753968000411987305e-01 -1.504240930080413818e-01 -8.948577940464019775e-02 -2.118540182709693909e-02 1.264469027519226074e-01 2.163914144039154053e-01 1.452291160821914673e-01 1.397821307182312012e-01 -7.876557856798171997e-02 -1.388307362794876099e-01 -1.806244105100631714e-01 -8.243868499994277954e-02 -5.403826013207435608e-02
2.925500646233558655e-02 1.240802258253097534e-01 1.798258163034915924e-02 1.007789522409439087e-01 8.467725664377212524e-02 2.607128955423831940e-02 8.444669097661972046e-02 -7.633407600224018097e-03 -1.070608617737889290e-03 3.094535134732723236e-02 8.743438869714736938e-03 7.648316677659749985e-03 9.416241943836212158e-02 1.334649175405502319e-01 9.626520425081253052e-02 2.348710969090461731e-02 -7.212987542152404785e-02 -2.713440358638763428e-01 -3.769568502902984619e-01 -2.475085556507110596e-01 -1.075700223445892334e-01 7.279990613460540771e-02 2.140319794416427612e-01 1.518451571464538574e-01 6.454907357692718506e-02 3.609549999237060547e-02 7.645444571971893311e-02 1.051743999123573303e-01 -1.556940972805023193e-01 -3.441477119922637939e-01 -3.912366926670074463e-01 -2.985810637474060059e-01 -3.238171935081481934e-01 -3.131173551082611084e-01 -1.270776093006134033e-01 1.261233389377593994e-01 3.319287896156311035e-01 2.093017995357513428e-01 -4.940120875835418701e-02 2.681740932166576385e-02 2.602069266140460968e-02 -2.467315793037414551e-01 -3.043068647384643555e-01 -1.969228684902191162e-01 -1.691523492336273193e-01 -9.496304392814636230e-02 3.223562613129615784e-02 2.269300371408462524e-01 1.409443020820617676e-01 1.677502691745758057e-01 2.144943773746490479e-01 -5.816984176635742188e-02 7.317797839641571045e-02 5.436542630195617676e-02 -1.164014935493469238e-01 6.751974672079086304e-02 -1.825602799654006958e-01 -6.832638382911682129e-02 -1.113849282264709473e-01 -1.191360205411911011e-01 -6.519041210412979126e-02 5.083764903247356415e-03 1.561166644096374512e-01 2.240128070116043091e-01 -1.532578188925981522e-02 9.430249035358428955e-02 1.268914788961410522e-01 5.364800691604614258e-01 6.221674680709838867e-01 6.177018284797668457e-01 8.905811309814453125e-01 7.777556180953979492e-01 2.829530239105224609e-01 6.282413750886917114e-02 9.593994356691837311e-03 2.541726529598236084e-01 9.877134859561920166e-02 3.448631241917610168e-02 1.194624751806259155e-01 2.057683467864990234e-01 6.988546848297119141e-01 5.354673862457275391e-01 1.805404722690582275e-01 1.338363289833068848e-01 5.532355234026908875e-02 2.309827059507369995e-01 2.204697728157043457e-01 1.868529170751571655e-01 1.380777209997177124e-01 -8.490039408206939697e-02 3.872933564707636833e-03 5.599975585937500000e-02 -9.358389675617218018e-02 -7.510882616043090820e-02 -2.298198193311691284e-01 -2.051500678062438965e-01 -3.134629130363464355e-01 -3.832111954689025879e-01 -4.746845364570617676e-02 1.057723835110664368e-01 1.109585240483283997e-01 1.009890213608741760e-01 -1.450411379337310791e-01 1.939504742622375488e-01 7.820497453212738037e-02 -3.345388174057006836e-01 -4.799072742462158203e-01 -2.368398755788803101e-01 -3.269134461879730225e-01 -5.949934720993041992e-01 -2.061382234096527100e-01 -1.776603907346725464e-01 -1.005722209811210632e-01 -3.191751614212989807e-02 -2.696820497512817383e-01 -3.007583022117614746e-01 1.250681430101394653e-01 1.073315925896167755e-02 -3.364923298358917236e-01 -4.633447825908660889e-01 -4.201354682445526123e-01 -4.109210371971130371e-01 -5.215287804603576660e-01 -2.848556339740753174e-01 -1.751994043588638306e-01 -1.621996760368347168e-01 -1.406290084123611450e-01 -3.775477707386016846e-01 -2.391761541366577148e-01 6.105026230216026306e-02 9.556719660758972168e-02 -1.768337935209274292e-01 -3.844968080520629883e-01 -3.873703181743621826e-01 -3.801888227462768555e-01 -1.380672007799148560e-01 2.002286165952682495e-02 -2.733714506030082703e-02 -3.283486068248748779e-01 -3.254896700382232666e-01 -3.641601800918579102e-01 -1.354942321777343750e-01 9.082160145044326782e-02 1.373830623924732208e-02 6.167805404402315617e-04 4.161750525236129761e-02 3.967709094285964966e-02 -2.396991103887557983e-02 1.371310278773307800e-02 1.582055240869522095e-01 8.547873049974441528e-02 -1.013760194182395935e-01 -1.508498787879943848e-01 -1.673680096864700317e-01 2.830651961266994476e-02 3.947956487536430359e-03 5.960225686430931091e-02 1.130145639181137085e-01 3.348758816719055176e-02 1.959349811077117920e-01 1.652970910072326660e-01 1.617909371852874756e-01 1.278147697448730469e-01 1.661815196275711060e-01 1.369384825229644775e-01 1.022928580641746521e-01 1.601873785257339478e-01 1.013331487774848938e-01 1.419954150915145874e-01
1.484004706144332886e-01 2.637929655611515045e-02 1.885013096034526825e-02 1.008366122841835022e-01 8.998259902000427246e-02 7.034587115049362183e-02 8.194260299205780029e-02 9.375513345003128052e-02 6.273639947175979614e-02 5.352640524506568909e-02 1.655770838260650635e-01 3.239333257079124451e-02 1.029094755649566650e-01 3.373770788311958313e-02 1.949024386703968048e-02 1.410632510669529438e-03 -2.386758103966712952e-02 -2.659533917903900146e-01 -3.518739342689514160e-01 -3.253786563873291016e-01 -2.872877418994903564e-01 -2.657803893089294434e-02 1.365733146667480469e-01 2.162812799215316772e-01 9.115380793809890747e-02 1.302740126848220825e-01 1.662449836730957031e-01 -9.298620373010635376e-02 -3.392395377159118652e-01 -4.042126238346099854e-01 -3.991354703903198242e-01 -3.466102480888366699e-01 -2.592840790748596191e-01 -1.941444277763366699e-01 -2.397404285147786140e-03 6.459725648164749146e-02 3.179306387901306152e-01 1.753823906183242798e-01 2.705919928848743439e-02 5.940226837992668152e-02 -3.143873810768127441e-01 -4.066800177097320557e-01 -2.616647779941558838e-01 -3.214046061038970947e-01 -2.720071673393249512e-01 -3.613811135292053223e-01 -2.726970314979553223e-01 -1.600101441144943237e-01 -1.864665895700454712e-01 1.187918484210968018e-01 1.782026737928390503e-01 2.289486816152930260e-03 1.558610945940017700e-01 -1.702015697956085205e-01 -6.711824983358383179e-02 3.863314539194107056e-02 2.315988838672637939e-01 3.927149176597595215e-01 -3.663679659366607666e-01 -5.342007279396057129e-01 -3.779949247837066650e-01 -4.527810811996459961e-01 -7.931847870349884033e-02 2.512905001640319824e-01 3.894602134823799133e-02 1.067173704504966736e-01 4.974142834544181824e-02 2.862280011177062988e-01 5.445221066474914551e-01 4.314550757408142090e-01 1.282394677400588989e-01 -4.324173927307128906e-01 -2.937134802341461182e-01 -3.093519508838653564e-01 -2.185563594102859497e-01 1.528465747833251953e-01 1.457129120826721191e-01 1.193051785230636597e-01 6.174465641379356384e-02 1.600770801305770874e-01 3.737142384052276611e-01 2.662334442138671875e-01 3.596605360507965088e-02 -2.107387334108352661e-01 -3.767887055873870850e-01 -1.201684400439262390e-01 -1.219287514686584473e-01 3.264347612857818604e-01 4.790381193161010742e-01 1.964000463485717773e-01 1.415976434946060181e-01 1.294264346361160278e-01 2.040772698819637299e-03 2.165033519268035889e-01 3.478462994098663330e-01 2.587638199329376221e-01 -1.704154722392559052e-02 -1.945503056049346924e-01 1.116465032100677490e-01 -6.167616695165634155e-03 -5.036338418722152710e-02 8.598578721284866333e-02 2.336992919445037842e-01 4.297391697764396667e-02 4.775616899132728577e-02 -2.635166049003601074e-01 -5.082252621650695801e-02 2.899750471115112305e-01 5.684999227523803711e-01 4.539412856101989746e-01 3.848117589950561523e-01 -3.639914840459823608e-02 -1.952392309904098511e-01 -2.488224655389785767e-01 -2.753256559371948242e-01 1.460437327623367310e-01 5.274861585348844528e-03 -2.657934278249740601e-02 -3.793932795524597168e-01 -3.276741206645965576e-01 -9.072342514991760254e-02 2.270011454820632935e-01 3.989574313163757324e-01 2.513910830020904541e-01 -3.027035295963287354e-01 -4.090505242347717285e-01 -2.895013391971588135e-01 -2.074424475431442261e-01 1.378045529127120972e-01 4.416575655341148376e-02 2.039939351379871368e-02 -3.367906808853149414e-01 -4.069010615348815918e-01 -1.597807556390762329e-01 -7.007624208927154541e-02 1.845901161432266235e-01 8.470424264669418335e-02 -2.456480264663696289e-02 -2.447357326745986938e-01 -1.786722242832183838e-01 8.777792006731033325e-02 8.370630443096160889e-02 1.262749433517456055e-01 7.165079005062580109e-03 -1.279658377170562744e-01 -2.837830483913421631e-01 -1.295330524444580078e-01 -1.333632320165634155e-01 -4.671209305524826050e-02 1.494053192436695099e-02 6.277811527252197266e-02 1.143535785377025604e-02 1.199182420969009399e-01 1.951688230037689209e-01 7.508249580860137939e-02 2.360353432595729828e-02 5.948033556342124939e-02 1.299356073141098022e-01 2.812074264511466026e-03 -1.272062957286834717e-01 -2.540734112262725830e-01 -3.907961249351501465e-01 -2.694442570209503174e-01 2.576803416013717651e-02 1.179145053029060364e-01 7.163042575120925903e-02 7.004657387733459473e-02 4.000855982303619385e-02 2.785812877118587494e-02
-1.357301790267229080e-02 -6.614027917385101318e-02 -1.331227719783782959e-01 -4.848082363605499268e-02 -5.071746185421943665e-02 -9.156897664070129395e-02 -7.611467689275741577e-02 -2.238530293107032776e-02 -8.079328387975692749e-02 -9.371538460254669189e-02 -5.988552048802375793e-02 -9.355840086936950684e-02 -1.303068846464157104e-01 -1.470512896776199341e-01 -1.645182967185974121e-01 -4.044510889798402786e-03 3.711684606969356537e-03 1.590767502784729004e-01 3.311555385589599609e-01 3.748854398727416992e-01 2.644687592983245850e-01 2.368100434541702271e-01 7.034359127283096313e-02 -5.779140815138816833e-02 5.343731120228767395e-02 3.412449732422828674e-02 -8.071754127740859985e-02 -7.950963824987411499e-02 -4.147217795252799988e-02 -1.499368576332926750e-03 2.519018948078155518e-01 3.452066481113433838e-01 2.750034928321838379e-01 2.776925563812255859e-01 1.660176813602447510e-01 -5.225850641727447510e-02 -3.716032207012176514e-01 -8.961536735296249390e-02 2.798908948898315430e-02 -5.236621946096420288e-02 -9.017188847064971924e-02 -3.422521799802780151e-02 7.396662980318069458e-02 2.372131496667861938e-01 3.312083780765533447e-01 4.807626008987426758e-01 4.838072955608367920e-01 1.669483035802841187e-01 -9.671814739704132080e-03 -3.018035292625427246e-01 -3.058262765407562256e-01 -1.351329535245895386e-01 -1.087818741798400879e-01 8.910814672708511353e-02 1.406413465738296509e-01 1.085284575819969177e-01 1.700161248445510864e-01 5.089585483074188232e-02 7.584753036499023438e-01 2.025709748268127441e-01 -8.932048082351684570e-02 -5.488785682246088982e-04 1.133931130170822144e-01 1.284977141767740250e-02 -5.019814893603324890e-02 -3.256666287779808044e-02 1.775648295879364014e-01 6.071006134152412415e-02 -2.872845530509948730e-01 -4.700823724269866943e-01 -5.590566396713256836e-01 4.761614799499511719e-01 -4.560759961605072021e-01 -1.128682047128677368e-01 1.250579506158828735e-01 2.452889680862426758e-01 1.267905682325363159e-01 8.843700401484966278e-03 -4.679420962929725647e-02 -2.137941308319568634e-02 -3.028140664100646973e-01 -4.089072644710540771e-01 -6.708815097808837891e-01 -6.854329705238342285e-01 1.642639935016632080e-01 -4.656048417091369629e-01 -4.661940932273864746e-01 -2.183072715997695923e-01 -8.864313364028930664e-02 1.368454657495021820e-02 -1.212338581681251526e-01 -1.186223849654197693e-01 -1.242325678467750549e-01 -3.158538341522216797e-01 -5.033940076828002930e-01 -2.961184382438659668e-01 -1.867968887090682983e-01 -1.453993320465087891e-01 -9.776988029479980469e-01 -5.775676369667053223e-01 -2.936040163040161133e-01 -4.987039417028427124e-02 -8.208109065890312195e-03 -3.430803865194320679e-02 -4.058834537863731384e-02 1.501500606536865234e-01 1.829170808196067810e-02 -1.872932761907577515e-01 7.855819910764694214e-02 -8.077425509691238403e-02 -7.771654725074768066e-01 -5.552124381065368652e-01 -2.855050750076770782e-02 6.792860478162765503e-02 1.487764716148376465e-01 9.319912642240524292e-02 -1.476225107908248901e-01 -8.519490808248519897e-02 1.143818199634552002e-01 3.393612802028656006e-01 5.036181807518005371e-01 4.930030107498168945e-01 2.652056813240051270e-01 -7.198804616928100586e-02 -8.599867112934589386e-03 1.025618910789489746e-01 1.352237015962600708e-01 1.943264454603195190e-01 2.052241936326026917e-02 -9.340931475162506104e-02 -3.154483437538146973e-02 3.284554556012153625e-02 2.008111178874969482e-01 3.884327709674835205e-01 2.866639792919158936e-01 2.149801552295684814e-01 1.226527839899063110e-01 -6.520891934633255005e-02 -1.244235038757324219e-02 -8.802735060453414917e-02 -1.976405456662178040e-02 -9.593066573143005371e-02 -1.184843480587005615e-01 -9.655763395130634308e-03 4.880710970610380173e-03 5.486098676919937134e-02 9.707447886466979980e-02 -3.238525986671447754e-02 -2.770095365121960640e-03 -9.329790482297539711e-04 -1.001484990119934082e-01 -3.034552931785583496e-01 -2.897756993770599365e-01 -1.642770916223526001e-01 -1.022600829601287842e-01 -7.580470293760299683e-02 -1.497376114130020142e-01 -1.144274845719337463e-01 -5.859605222940444946e-02 5.484575033187866211e-02 2.523115873336791992e-01 3.543937206268310547e-01 3.803496360778808594e-01 3.790694177150726318e-01 2.886948287487030029e-01 8.977368474006652832e-02 -8.614437282085418701e-02 -1.201036572456359863e-01 -1.225788369774818420e-01
2.281750552356243134e-02 2.655369974672794342e-02 3.050475567579269409e-02 4.928187280893325806e-02 4.663788154721260071e-02 -2.310895919799804688e-02 7.159718871116638184e-02 1.257856003940105438e-02 -2.397266915068030357e-03 -3.110601007938385010e-02 -4.825248941779136658e-02 9.971700608730316162e-02 4.326672479510307312e-02 5.105898901820182800e-02 2.047166042029857635e-02 1.261808425188064575e-01 1.571835279464721680e-01 1.072991266846656799e-01 2.407238781452178955e-01 6.393917649984359741e-02 -1.095771417021751404e-01 -1.480462849140167236e-01 -8.171276748180389404e-02 -1.395169198513031006e-01 -3.600542247295379639e-02 1.416565030813217163e-01 5.198754742741584778e-02 1.435389369726181030e-01 1.415462195873260498e-01 1.089065596461296082e-01 -7.239965721964836121e-03 2.150649949908256531e-02 -5.493224784731864929e-02 -7.566949725151062012e-02 -1.958726495504379272e-01 -1.307208836078643799e-01 -3.310106098651885986e-01 -2.739394307136535645e-01 2.223060131072998047e-01 1.795972697436809540e-02 2.316576242446899414e-01 1.596799045801162720e-01 -1.298070400953292847e-01 -2.240169495344161987e-01 -1.253336668014526367e-01 2.915658988058567047e-02 -4.359129071235656738e-02 -1.495075672864913940e-01 -2.944276630878448486e-01 -4.727766811847686768e-01 -6.200190782546997070e-01 2.633655369281768799e-01 1.083414554595947266e-01 2.302992492914199829e-01 9.485534578561782837e-02 -2.623652517795562744e-01 -3.713928759098052979e-01 -1.462184935808181763e-01 1.242519468069076538e-01 3.153745532035827637e-01 1.312532722949981689e-01 -3.014614805579185486e-02 -5.058867335319519043e-01 -9.505969285964965820e-01 1.038773823529481888e-02 -1.132319588214159012e-02 -1.949090324342250824e-02 -1.737410724163055420e-01 -2.252610325813293457e-01 -2.480448186397552490e-01 -6.087889075279235840e-01 -1.793423593044281006e-01 2.308508753776550293e-01 3.528428375720977783e-01 6.223511099815368652e-01 5.750597119331359863e-01 -1.851601526141166687e-02 -1.895881742238998413e-01 8.611237257719039917e-02 3.625397756695747375e-02 4.904580861330032349e-02 -1.112795695662498474e-01 -4.460715651512145996e-01 -4.318171143531799316e-01 -5.434915050864219666e-02 5.287573337554931641e-01 3.662733435630798340e-01 3.356306850910186768e-01 5.449833273887634277e-01 4.221802949905395508e-01 3.009041212499141693e-02 5.332487076520919800e-02 1.041104793548583984e-01 3.135383725166320801e-01 1.450141221284866333e-01 -1.177912726998329163e-01 -5.399057269096374512e-02 2.447945326566696167e-01 3.317625522613525391e-01 1.435872763395309448e-01 6.155358999967575073e-02 9.135182201862335205e-02 1.681690216064453125e-01 8.219037950038909912e-02 6.627091020345687866e-02 9.344434738159179688e-02 -1.737724542617797852e-01 3.602517843246459961e-01 4.819168448448181152e-01 4.196892678737640381e-01 2.723542451858520508e-01 7.706365734338760376e-02 -1.187998503446578979e-01 -1.090162843465805054e-01 -4.314054548740386963e-02 -6.924215704202651978e-02 -9.630506858229637146e-03 4.764603450894355774e-02 -2.931311540305614471e-02 -3.413024544715881348e-01 -3.465026319026947021e-01 -1.325591802597045898e-01 -1.021301969885826111e-01 1.952962763607501984e-02 -9.482257068157196045e-03 -7.444269955158233643e-02 -1.033490821719169617e-01 -1.708450466394424438e-01 -1.275141537189483643e-01 -2.429733797907829285e-02 4.333239421248435974e-02 7.985057681798934937e-02 -4.629925638437271118e-02 -2.240027040243148804e-01 -1.847334206104278564e-01 -1.229382082819938660e-01 -4.733773879706859589e-03 -2.441816031932830811e-02 -8.229474723339080811e-02 -8.022765815258026123e-02 -2.857842445373535156e-01 -5.530003458261489868e-02 -5.636174976825714111e-02 7.051321119070053101e-02 5.271335691213607788e-02 1.860622614622116089e-01 8.468461781740188599e-02 -1.840879023075103760e-01 -1.517247706651687622e-01 -8.893734961748123169e-02 -6.581511348485946655e-02 3.112870082259178162e-02 -1.444392092525959015e-02 -3.325340896844863892e-02 4.883846268057823181e-02 -4.289091378450393677e-02 5.400560423731803894e-02 -3.770948201417922974e-02 4.781526047736406326e-03 1.225561182945966721e-02 1.267165876924991608e-02 -1.070804744958877563e-01 -5.538256466388702393e-02 -3.059635125100612640e-02 5.406304076313972473e-02 4.550823196768760681e-02 6.550169736146926880e-02 3.433090448379516602e-02 2.508921548724174500e-03
-3.036176040768623352e-02 3.397636488080024719e-02 3.005060367286205292e-02 -1.205909326672554016e-01 -1.325027793645858765e-01 -1.588403880596160889e-01 -4.970411211252212524e-02 3.932857885956764221e-02 3.418251499533653259e-02 9.516900032758712769e-02 5.459132045507431030e-02 4.458722099661827087e-02 -4.482371732592582703e-02 -5.441567674279212952e-02 -2.986873313784599304e-02 -1.052563730627298355e-02 -1.090530678629875183e-01 -6.066441908478736877e-02 -1.902425289154052734e-01 -2.222481817007064819e-01 -2.159934490919113159e-01 -3.692098557949066162e-01 -4.462684094905853271e-01 -2.854377329349517822e-01 -4.754653573036193848e-02 -4.868637397885322571e-02 -4.953210428357124329e-02 -2.655073441565036774e-02 1.304180920124053955e-01 4.953007772564888000e-02 1.177058964967727661e-01 1.686566174030303955e-01 1.987233310937881470e-01 1.147166453301906586e-02 -1.558582633733749390e-01 -3.704951107501983643e-01 -2.233518064022064209e-01 -1.896958053112030029e-01 -4.881098121404647827e-02 -4.980874434113502502e-02 4.582961648702621460e-02 2.907446026802062988e-01 1.872555464506149292e-01 2.937918603420257568e-01 3.936899304389953613e-01 2.919841408729553223e-01 2.748371362686157227e-01 5.096145868301391602e-01 4.644032120704650879e-01 3.381405472755432129e-01 1.393051594495773315e-01 -8.053728193044662476e-02 -6.324572314042598009e-05 1.442511975765228271e-01 2.074631005525588989e-01 8.701303601264953613e-02 1.846856623888015747e-01 3.250759840011596680e-01 2.804470062255859375e-01 6.412876248359680176e-01 8.022714257240295410e-01 6.328142285346984863e-01 4.350081980228424072e-01 3.553182482719421387e-01 7.591735571622848511e-02 -6.518761813640594482e-02 1.179695948958396912e-01 -2.599629946053028107e-02 -9.477648138999938965e-02 -1.455286294221878052e-01 -3.228042423725128174e-01 3.380995094776153564e-01 4.540327191352844238e-01 3.146900534629821777e-01 1.232841163873672485e-01 -8.667859435081481934e-02 -1.654294319450855255e-02 8.969973772764205933e-02 -3.891098126769065857e-02 9.945211559534072876e-02 -2.223473042249679565e-01 -1.422258913516998291e-01 -3.891118764877319336e-01 -3.026312887668609619e-01 3.371472994331270456e-04 -2.584161460399627686e-01 1.731922626495361328e-01 9.871147572994232178e-02 -5.958995223045349121e-01 -4.550523757934570312e-01 2.247768687084317207e-03 -6.761886924505233765e-02 2.449927777051925659e-01 -2.331707477569580078e-01 -2.379014045000076294e-01 -5.619142055511474609e-01 -2.210436612367630005e-01 -4.440104663372039795e-01 -1.650338321924209595e-01 1.751483231782913208e-01 -1.344433724880218506e-01 -4.566528499126434326e-01 -3.162724077701568604e-01 -1.759992539882659912e-02 -2.275400049984455109e-02 3.379006087779998779e-01 4.436130449175834656e-02 -3.060337603092193604e-01 -5.898017287254333496e-01 -5.503072142601013184e-01 -2.369853407144546509e-01 -1.955863460898399353e-02 -2.115180790424346924e-01 -1.971678435802459717e-01 -8.226490020751953125e-02 7.418782263994216919e-02 -7.226686924695968628e-02 4.198479652404785156e-02 3.472184240818023682e-01 3.430257439613342285e-01 -9.615477919578552246e-02 -5.392146706581115723e-01 -8.774842023849487305e-01 -3.855650722980499268e-01 -5.591264367103576660e-01 -4.355399608612060547e-01 -3.252079188823699951e-01 -9.514047205448150635e-02 6.272343546152114868e-02 -1.259570359252393246e-03 3.517136350274085999e-02 1.638710051774978638e-01 4.341764152050018311e-01 2.470536679029464722e-01 -1.483967006206512451e-01 -5.409034490585327148e-01 -7.131457328796386719e-01 -3.773230612277984619e-01 -2.642716467380523682e-01 5.111467838287353516e-02 6.303684413433074951e-02 -1.594487205147743225e-02 -8.231242746114730835e-02 -8.380352519452571869e-03 4.456910490989685059e-02 1.094765439629554749e-01 3.304701745510101318e-01 4.843916893005371094e-01 4.186669588088989258e-01 2.642666995525360107e-01 2.848338186740875244e-01 1.930257081985473633e-01 -9.647967526689171791e-04 -2.813668176531791687e-02 3.653156012296676636e-02 -2.107712812721729279e-02 -1.858694851398468018e-02 -4.633278399705886841e-02 -9.011598676443099976e-02 2.812424860894680023e-02 -2.274944074451923370e-02 2.620215341448783875e-02 2.041496336460113525e-02 8.139491826295852661e-02 -1.247644890099763870e-02 -3.129620477557182312e-02 3.762015327811241150e-02 -5.713848397135734558e-02 1.341187977232038975e-03
3.759171441197395325e-02 -7.729738485068082809e-03 3.922118246555328369e-02 1.022187620401382446e-02 -6.485238671302795410e-02 3.044742904603481293e-02 -9.599760174751281738e-02 -5.060212686657905579e-02 -2.207796648144721985e-02 2.006153762340545654e-02 -7.135134190320968628e-02 -9.961513429880142212e-02 -2.564205415546894073e-02 -7.988814264535903931e-02 -8.199498802423477173e-02 -6.178536266088485718e-02 3.927992656826972961e-02 -9.872600203379988670e-04 7.931904494762420654e-02 1.817703247070312500e-01 8.259819447994232178e-02 -1.128047406673431396e-01 -9.938878566026687622e-02 -1.013835296034812927e-01 -8.106154948472976685e-02 -8.381410688161849976e-02 -1.091191172599792480e-02 -6.136128678917884827e-02 -3.048917837440967560e-02 -7.188066095113754272e-02 1.015808433294296265e-01 2.618941962718963623e-01 4.354654848575592041e-01 3.991426825523376465e-01 4.114321768283843994e-01 1.866184324026107788e-01 1.793720722198486328e-01 1.867914013564586639e-02 1.100244000554084778e-03 -4.494430869817733765e-02 -1.050453707575798035e-01 -2.676977217197418213e-01 -3.891808390617370605e-01 -3.731185197830200195e-01 -3.634257018566131592e-01 -5.072382837533950806e-02 -2.806886434555053711e-01 -2.404192388057708740e-01 -2.542216144502162933e-02 7.985110580921173096e-02 1.075056046247482300e-01 -7.363948971033096313e-02 -6.016033887863159180e-02 -3.144828677177429199e-01 -2.979434132575988770e-01 -5.913129076361656189e-02 -1.669524163007736206e-01 -1.445085108280181885e-01 -5.572401285171508789e-01 -6.081518530845642090e-01 -4.579986333847045898e-01 -3.984191417694091797e-01 -1.904804408550262451e-01 5.111598595976829529e-02 -1.233306452631950378e-01 -1.875653862953186035e-01 -2.591080069541931152e-01 -5.681408941745758057e-02 -1.347565352916717529e-01 -1.073178946971893311e-01 1.373823434114456177e-01 7.768241688609123230e-03 -8.516544103622436523e-01 -4.829044342041015625e-01 -2.856934666633605957e-01 -6.316081434488296509e-02 6.239964161068201065e-03 1.843996345996856689e-02 -8.985842764377593994e-02 -1.989339739084243774e-01 1.897280104458332062e-02 3.167314454913139343e-02 3.014051616191864014e-01 1.043968677520751953e+00 6.111946105957031250e-01 -3.496605455875396729e-01 -3.606763482093811035e-01 -2.143859714269638062e-01 -3.975466266274452209e-02 4.019550979137420654e-02 -5.733480211347341537e-03 4.377399012446403503e-02 -7.252302765846252441e-02 8.899459242820739746e-02 2.183496654033660889e-01 4.205420613288879395e-01 7.217614054679870605e-01 4.267803728580474854e-01 -2.088486552238464355e-01 -7.279177308082580566e-01 -5.007039904594421387e-01 -2.066101729869842529e-01 -5.153608694672584534e-02 -5.085236579179763794e-02 -3.843209519982337952e-02 -1.680229790508747101e-02 2.863379418849945068e-01 3.599483966827392578e-01 4.156258106231689453e-01 2.549584507942199707e-01 -1.667039692401885986e-01 6.529440730810165405e-02 -1.869013607501983643e-01 4.916747659444808960e-02 1.229216903448104858e-01 -7.523639500141143799e-02 -4.016060382127761841e-03 -2.354921028017997742e-02 6.946868449449539185e-02 3.498755395412445068e-01 5.225161314010620117e-01 4.594811797142028809e-01 1.443367600440979004e-01 -1.993523351848125458e-02 4.069688916206359863e-01 5.131589174270629883e-01 4.608817994594573975e-01 3.548800945281982422e-01 8.357985317707061768e-02 -1.023107990622520447e-01 -4.827285557985305786e-02 4.979484528303146362e-02 1.719949841499328613e-01 2.484592795372009277e-01 1.877783387899398804e-01 1.687146276235580444e-01 1.800247728824615479e-01 2.554304897785186768e-01 4.591054022312164307e-01 5.273820757865905762e-01 3.378967046737670898e-01 -5.066606402397155762e-02 1.445256639271974564e-02 -6.469853222370147705e-02 -1.375391986221075058e-02 -1.629720479249954224e-01 -1.562619805335998535e-01 2.670851536095142365e-02 9.603676944971084595e-02 1.039791665971279144e-02 -6.690981984138488770e-02 2.307174950838088989e-01 3.175205886363983154e-01 2.768629789352416992e-01 5.951665341854095459e-02 -8.470128476619720459e-02 -8.956421911716461182e-02 -1.253425776958465576e-01 -7.908113300800323486e-02 -4.130485355854034424e-01 -3.772836327552795410e-01 -4.650419950485229492e-01 -4.897133111953735352e-01 -4.195047914981842041e-01 -1.311168819665908813e-01 8.343823999166488647e-02 3.533998271450400352e-03 -6.012848764657974243e-02 -2.688402682542800903e-02
1.059440672397613525e-01 5.991547554731369019e-02 6.670971214771270752e-02 6.076346151530742645e-03 8.695122599601745605e-02 6.142101436853408813e-02 1.025771498680114746e-01 2.294160239398479462e-02 2.593881264328956604e-02 2.005590684711933136e-02 7.578286528587341309e-02 8.746126294136047363e-02 1.101819798350334167e-01 1.092662736773490906e-01 9.418569505214691162e-02 5.764775723218917847e-02 1.029695272445678711e-01 1.264237016439437866e-01 8.180328458547592163e-02 3.531880304217338562e-02 1.103831231594085693e-01 1.260222047567367554e-01 1.169186979532241821e-01 4.943932220339775085e-02 1.798036694526672363e-02 -1.705685630440711975e-03 6.703431904315948486e-02 1.777027919888496399e-02 1.798767745494842529e-01 1.023653149604797363e-01 -4.358325898647308350e-02 -2.780924737453460693e-01 -3.296053707599639893e-01 -3.542554080486297607e-01 -2.610753104090690613e-02 -8.358071744441986084e-02 -7.867374806664884090e-04 5.484795570373535156e-02 1.557770520448684692e-01 4.945267364382743835e-02 9.870778769254684448e-02 -1.271664723753929138e-02 -7.886544615030288696e-02 -1.326297372579574585e-01 -1.469372063875198364e-01 -2.638079784810543060e-02 -1.534968912601470947e-01 -1.962794363498687744e-02 -5.419251695275306702e-02 -1.755734384059906006e-01 -9.629524499177932739e-02 1.546347737312316895e-01 1.329640746116638184e-01 5.737022683024406433e-02 -1.719120144844055176e-01 -3.652563393115997314e-01 -3.172983825206756592e-01 -2.710066735744476318e-01 9.284639358520507812e-02 3.135431706905364990e-01 -1.730191558599472046e-01 -1.906524300575256348e-01 -2.957821190357208252e-01 -1.420913636684417725e-01 1.080149263143539429e-01 9.453424066305160522e-02 -6.654786318540573120e-02 -2.549129128456115723e-01 -4.169380664825439453e-01 -3.272648155689239502e-01 -2.923882305622100830e-01 -3.280156850814819336e-01 9.279976785182952881e-02 2.883066050708293915e-02 -2.371488511562347412e-01 -4.041136205196380615e-01 -1.780355721712112427e-01 6.130611523985862732e-02 8.290787227451801300e-03 3.818299993872642517e-02 3.974466398358345032e-02 1.751103550195693970e-01 4.089783132076263428e-02 -3.974169790744781494e-01 -4.914888143539428711e-01 -4.193149507045745850e-01 7.561976462602615356e-02 1.548695098608732224e-02 -8.409508317708969116e-02 -1.162804961204528809e-01 1.047982499003410339e-01 -1.625422388315200806e-02 4.554064199328422546e-02 3.106241524219512939e-01 2.806466221809387207e-01 1.551799476146697998e-01 -5.033977627754211426e-01 -5.285893678665161133e-01 -6.253582239151000977e-02 2.892954647541046143e-01 4.486101567745208740e-01 3.537603914737701416e-01 2.057080715894699097e-01 -2.223765663802623749e-02 8.005322515964508057e-02 2.250017970800399780e-01 7.910931110382080078e-02 -2.251934558153152466e-01 -3.888048529624938965e-01 -5.286711454391479492e-01 -6.827028840780258179e-02 -1.395693421363830566e-02 2.780370414257049561e-01 2.749154269695281982e-01 2.363916337490081787e-01 4.514332860708236694e-02 2.986042574048042297e-02 4.190960153937339783e-02 2.099639624357223511e-01 -1.357806921005249023e-01 -3.542810678482055664e-01 -2.516127824783325195e-01 -5.953088402748107910e-02 1.682866513729095459e-01 1.450679898262023926e-01 -1.486745476722717285e-02 -4.813838377594947815e-02 -3.890568017959594727e-02 1.400365866720676422e-02 -3.608062490820884705e-02 8.717700093984603882e-02 1.292394101619720459e-01 -1.091821789741516113e-01 -1.876267045736312866e-01 -1.659236699342727661e-01 -1.804848760366439819e-01 -2.397181838750839233e-01 -7.980991154909133911e-02 -1.899380236864089966e-02 -4.864330589771270752e-02 -2.982042916119098663e-02 1.173200830817222595e-01 -1.136879343539476395e-02 3.353825211524963379e-02 2.197366952896118164e-01 3.006218671798706055e-01 7.584640383720397949e-02 -1.932375691831111908e-02 -3.869924247264862061e-01 -4.571864306926727295e-01 -3.626689612865447998e-01 -2.794670462608337402e-01 -1.999410390853881836e-01 5.300374701619148254e-02 8.118050545454025269e-02 6.282635778188705444e-02 3.606068342924118042e-02 1.460319757461547852e-01 1.191427037119865417e-01 2.290148884057998657e-01 1.677077114582061768e-01 9.113219380378723145e-02 8.868470788002014160e-02 -1.120898723602294922e-01 -8.898413926362991333e-02 3.756703436374664307e-02 1.124901622533798218e-01 1.036844551563262939e-01 -1.844017580151557922e-02
-6.658113747835159302e-02 1.529948506504297256e-02 6.158755719661712646e-02 6.483253836631774902e-02 -1.192898396402597427e-02 1.661218330264091492e-02 1.626874692738056183e-02 -2.172779291868209839e-02 1.288415584713220596e-02 -3.812563791871070862e-02 3.912135586142539978e-02 -3.991097211837768555e-02 2.009761705994606018e-02 -4.082846455276012421e-03 1.145729050040245056e-02 -2.725106896832585335e-03 -3.808816522359848022e-02 4.719866067171096802e-02 1.392693370580673218e-01 1.750129312276840210e-01 1.180031001567840576e-01 -1.218269020318984985e-01 -7.403329014778137207e-02 -3.917903639376163483e-03 -3.866112232208251953e-02 -1.023748666048049927e-01 1.618653722107410431e-02 5.755101889371871948e-02 4.055462777614593506e-02 1.855822056531906128e-01 6.779666244983673096e-02 -9.842402487993240356e-02 -7.290423847734928131e-03 5.731251835823059082e-02 1.213413998484611511e-01 2.082665562629699707e-01 2.780360281467437744e-01 -1.949056610465049744e-02 -1.309646368026733398e-01 -1.518866140395402908e-02 1.391531825065612793e-01 2.804697155952453613e-01 1.828306913375854492e-01 -8.054050803184509277e-02 -3.358348906040191650e-01 -1.002646684646606445e+00 -7.443004846572875977e-01 -1.814092248678207397e-01 -5.283048748970031738e-02 2.978740632534027100e-01 2.460108548402786255e-01 -5.648849904537200928e-02 4.954317212104797363e-02 1.686753034591674805e-01 -3.875406831502914429e-02 -2.938445098698139191e-02 -1.433910578489303589e-01 -2.439488619565963745e-01 -1.544269770383834839e-01 -7.841175794601440430e-02 -6.696099787950515747e-02 2.483714185655117035e-02 2.425767779350280762e-01 1.851404905319213867e-01 -4.978384822607040405e-03 9.071649610996246338e-02 -1.308102011680603027e-01 -3.206942379474639893e-01 -3.739930987358093262e-01 -5.136110782623291016e-01 -1.887894608080387115e-02 -9.631189703941345215e-02 -2.760803699493408203e-01 -3.616669178009033203e-01 -4.470665454864501953e-01 -1.687533855438232422e-01 2.016092464327812195e-02 -8.431483805179595947e-02 -2.770052477717399597e-02 -2.169168293476104736e-01 -3.919041454792022705e-01 -3.195219933986663818e-01 -1.039916351437568665e-01 -2.618171460926532745e-02 -2.929012179374694824e-01 -6.127798557281494141e-01 -6.651335954666137695e-01 -4.253250956535339355e-01 -1.405894905328750610e-01 8.811376057565212250e-03 -1.687035709619522095e-02 -5.835074558854103088e-02 -1.547883003950119019e-01 1.294282358139753342e-02 -8.697213977575302124e-02 -9.938159957528114319e-03 2.625926584005355835e-02 6.577770411968231201e-02 -4.565436542034149170e-01 -2.885783314704895020e-01 1.733419448137283325e-01 2.431163191795349121e-01 1.576254218816757202e-01 -1.222794875502586365e-01 1.001188717782497406e-02 7.854531705379486084e-02 1.272098422050476074e-01 6.313062459230422974e-02 -1.353472620248794556e-01 1.181354895234107971e-01 -1.538497209548950195e-01 -3.367038667201995850e-01 1.115187332034111023e-01 1.948021501302719116e-01 4.065679907798767090e-01 1.763971894979476929e-01 4.304602742195129395e-02 3.017344512045383453e-02 5.057160928845405579e-02 3.456842303276062012e-01 4.113685190677642822e-01 4.321265816688537598e-01 5.684925317764282227e-01 2.247586399316787720e-01 2.062763571739196777e-01 1.359596699476242065e-01 6.692340970039367676e-02 2.553798854351043701e-01 1.426113694906234741e-01 -1.924791745841503143e-02 -6.065141409635543823e-03 -8.670747280120849609e-03 1.369180679321289062e-01 2.903530299663543701e-01 3.583498299121856689e-01 4.283828735351562500e-01 3.511546850204467773e-01 3.307754993438720703e-01 3.340026736259460449e-01 1.876864880323410034e-01 6.335613131523132324e-02 5.613812059164047241e-02 2.764630690217018127e-02 -2.970778383314609528e-02 -2.520932443439960480e-02 5.152555927634239197e-02 1.347082853317260742e-02 -7.019037147983908653e-04 1.241750195622444153e-01 2.395057529211044312e-01 2.616414427757263184e-01 8.336085081100463867e-02 8.840796537697315216e-03 -1.095057651400566101e-01 -2.061816491186618805e-02 -6.701977923512458801e-03 -4.273262619972229004e-02 2.969008684158325195e-02 -1.076821684837341309e-01 -2.559212446212768555e-01 -2.816798985004425049e-01 -3.003872931003570557e-01 -2.483028769493103027e-01 -2.179024368524551392e-01 -3.555764555931091309e-01 -3.926174342632293701e-01 -1.883969902992248535e-01 2.518287859857082367e-02 -3.198308870196342468e-02
